{
 "cells": [
  {
   "cell_type": "code",
   "execution_count": 1,
   "metadata": {
    "collapsed": false
   },
   "outputs": [],
   "source": [
    "import pyspark as ps\n",
    "# Uses all 4 cores\n",
    "sc = ps.SparkContext('local[4]')"
   ]
  },
  {
   "cell_type": "code",
   "execution_count": 104,
   "metadata": {
    "collapsed": false
   },
   "outputs": [],
   "source": [
    "from settings import *\n",
    "import numpy as np\n",
    "from src.ETL_Pipeline import clean_data"
   ]
  },
  {
   "cell_type": "markdown",
   "metadata": {},
   "source": [
    "# Summary\n",
    "We're loading the data from a file but we're going to assume that in fact the data lives on a hadoop cluster.  This means that the data is too big to clean using bash or python - we have to clean it using spark.  It would be a lot easier to clean on one machine, since we're assuming it's big data we'll have to use some spark magic"
   ]
  },
  {
   "cell_type": "code",
   "execution_count": 106,
   "metadata": {
    "collapsed": false
   },
   "outputs": [
    {
     "data": {
      "text/plain": [
       "[(0, array([[  1.63553300e+00,   2.48480000e-02,   4.32087000e-01,\n",
       "           -3.61914000e-01,  -7.47760000e-02,  -6.93481000e-01,\n",
       "           -2.29621000e-01,   2.61503000e-01,  -8.94210000e-02,\n",
       "           -2.04310000e-02,  -8.61200000e-03,   1.39754000e-01],\n",
       "         [  6.01596000e-01,  -1.41051000e-01,   1.47954000e-01,\n",
       "           -6.88680000e-01,   1.00712000e-01,  -4.30234000e-01,\n",
       "           -2.39402000e-01,   2.57168000e-01,  -5.51070000e-02,\n",
       "           -3.32708000e-01,  -9.31730000e-02,   4.83610000e-02],\n",
       "         [  1.54769400e+00,   8.75400000e-03,   3.19101000e-01,\n",
       "           -2.97440000e-01,  -7.61700000e-03,  -6.36042000e-01,\n",
       "           -2.96480000e-01,   2.62700000e-01,  -1.18514000e-01,\n",
       "           -8.51280000e-02,   3.04080000e-02,   1.18123000e-01],\n",
       "         [  4.90573000e-01,  -1.47165000e-01,   1.04378000e-01,\n",
       "           -6.18192000e-01,   1.87163000e-01,  -4.24637000e-01,\n",
       "           -2.17779000e-01,   1.88133000e-01,  -7.79710000e-02,\n",
       "           -3.76427000e-01,  -1.02599000e-01,   8.09760000e-02],\n",
       "         [  1.60259300e+00,  -2.10520000e-01,   2.80175000e-01,\n",
       "           -2.33207000e-01,  -2.45760000e-02,  -5.92074000e-01,\n",
       "           -2.39185000e-01,   2.53176000e-01,  -1.04336000e-01,\n",
       "           -9.36790000e-02,  -4.92100000e-03,   1.30402000e-01],\n",
       "         [  4.61532000e-01,  -2.13263000e-01,   1.31487000e-01,\n",
       "           -5.59046000e-01,   2.55531000e-01,  -3.30286000e-01,\n",
       "           -2.30196000e-01,   1.33753000e-01,  -1.62181000e-01,\n",
       "           -4.28018000e-01,  -7.89120000e-02,   1.39201000e-01],\n",
       "         [  1.67266500e+00,  -3.43458000e-01,   2.63109000e-01,\n",
       "           -1.67267000e-01,   4.33570000e-02,  -5.64522000e-01,\n",
       "           -2.86775000e-01,   2.30736000e-01,  -1.22032000e-01,\n",
       "           -9.95520000e-02,   1.25700000e-03,   1.13616000e-01],\n",
       "         [  4.67321000e-01,  -2.84738000e-01,   1.11211000e-01,\n",
       "           -4.82268000e-01,   2.77111000e-01,  -2.80572000e-01,\n",
       "           -2.02370000e-01,   6.77480000e-02,  -2.00905000e-01,\n",
       "           -4.55203000e-01,  -3.57460000e-02,   1.59374000e-01],\n",
       "         [  1.74849700e+00,  -4.04425000e-01,   2.38913000e-01,\n",
       "           -1.52473000e-01,   1.35756000e-01,  -5.13615000e-01,\n",
       "           -3.39162000e-01,   2.21830000e-01,  -1.43803000e-01,\n",
       "           -9.98150000e-02,   2.32700000e-03,   6.58120000e-02],\n",
       "         [  4.40218000e-01,  -3.40476000e-01,   1.07625000e-01,\n",
       "           -4.07154000e-01,   3.62298000e-01,  -2.33742000e-01,\n",
       "           -2.03896000e-01,  -3.04840000e-02,  -2.26421000e-01,\n",
       "           -4.34987000e-01,   4.15000000e-03,   1.68144000e-01],\n",
       "         [  1.87026400e+00,  -5.47399000e-01,   2.48318000e-01,\n",
       "           -1.70991000e-01,   1.21421000e-01,  -4.18381000e-01,\n",
       "           -2.76134000e-01,   1.77995000e-01,  -1.31599000e-01,\n",
       "           -1.32569000e-01,  -6.60620000e-02,   5.81350000e-02],\n",
       "         [  3.22108000e-01,  -3.82744000e-01,   1.64589000e-01,\n",
       "           -3.62964000e-01,   4.20691000e-01,  -1.23248000e-01,\n",
       "           -2.37468000e-01,  -1.11323000e-01,  -2.88192000e-01,\n",
       "           -3.88036000e-01,   5.16710000e-02,   1.23731000e-01],\n",
       "         [  1.68218700e+00,  -4.01484000e-01,   9.31140000e-02,\n",
       "           -1.19936000e-01,   1.02706000e-01,  -3.58395000e-01,\n",
       "           -2.04987000e-01,   1.72810000e-01,  -1.08218000e-01,\n",
       "           -2.04713000e-01,  -1.48013000e-01,   6.07950000e-02],\n",
       "         [  2.81544000e-01,  -4.58384000e-01,   2.27264000e-01,\n",
       "           -3.46070000e-01,   3.72064000e-01,  -5.12100000e-03,\n",
       "           -2.41878000e-01,  -1.62889000e-01,  -3.53773000e-01,\n",
       "           -3.62900000e-01,   9.96400000e-02,   6.74190000e-02],\n",
       "         [  1.74593700e+00,  -4.17672000e-01,   1.79397000e-01,\n",
       "           -2.82905000e-01,   2.35438000e-01,  -3.50983000e-01,\n",
       "           -1.95268000e-01,   1.54338000e-01,  -1.93545000e-01,\n",
       "           -1.93992000e-01,  -2.02009000e-01,   7.27340000e-02],\n",
       "         [  2.88430000e-01,  -5.42075000e-01,   3.03248000e-01,\n",
       "           -2.93572000e-01,   3.47800000e-01,  -1.46350000e-02,\n",
       "           -2.31922000e-01,  -1.75848000e-01,  -3.75826000e-01,\n",
       "           -3.57088000e-01,   1.19542000e-01,   7.46040000e-02],\n",
       "         [  1.45357200e+00,  -2.86032000e-01,   1.86518000e-01,\n",
       "           -2.37188000e-01,   3.22850000e-01,  -2.45160000e-01,\n",
       "           -2.76801000e-01,   6.99110000e-02,  -2.06899000e-01,\n",
       "           -1.95329000e-01,  -1.26377000e-01,   4.81300000e-02],\n",
       "         [  2.19517000e-01,  -5.51716000e-01,   3.15416000e-01,\n",
       "           -2.38154000e-01,   3.68643000e-01,  -7.47300000e-02,\n",
       "           -2.21325000e-01,  -1.97432000e-01,  -3.53938000e-01,\n",
       "           -3.34596000e-01,   1.09913000e-01,   7.03370000e-02],\n",
       "         [  1.41636700e+00,  -4.10469000e-01,   3.52763000e-01,\n",
       "           -2.11245000e-01,   3.54378000e-01,  -1.65260000e-01,\n",
       "           -3.28168000e-01,  -4.41240000e-02,  -1.82794000e-01,\n",
       "           -1.92191000e-01,  -1.03902000e-01,   1.03290000e-01],\n",
       "         [  1.48845000e-01,  -5.53851000e-01,   3.39984000e-01,\n",
       "           -1.95185000e-01,   4.01372000e-01,  -1.01911000e-01,\n",
       "           -2.55355000e-01,  -2.27530000e-01,  -3.03883000e-01,\n",
       "           -2.89858000e-01,   1.00895000e-01,   3.89340000e-02],\n",
       "         [  1.46625100e+00,  -3.85350000e-01,   2.94102000e-01,\n",
       "           -1.09096000e-01,   4.18092000e-01,  -2.20405000e-01,\n",
       "           -3.28038000e-01,  -9.26590000e-02,  -1.84805000e-01,\n",
       "           -1.42367000e-01,  -1.34880000e-01,   7.74580000e-02],\n",
       "         [  9.04780000e-02,  -5.75058000e-01,   3.64826000e-01,\n",
       "           -1.68059000e-01,   4.21888000e-01,  -9.75060000e-02,\n",
       "           -2.73278000e-01,  -2.52908000e-01,  -2.66059000e-01,\n",
       "           -2.53231000e-01,   9.68370000e-02,   1.73660000e-02],\n",
       "         [  1.51558900e+00,  -3.70543000e-01,   3.57567000e-01,\n",
       "           -5.05780000e-02,   3.79828000e-01,  -2.07061000e-01,\n",
       "           -3.33240000e-01,  -1.03308000e-01,  -1.70728000e-01,\n",
       "           -1.40336000e-01,  -1.41500000e-01,   2.97810000e-02],\n",
       "         [  4.44170000e-02,  -5.92621000e-01,   3.98811000e-01,\n",
       "           -1.39306000e-01,   4.20966000e-01,  -8.94390000e-02,\n",
       "           -2.76983000e-01,  -2.41920000e-01,  -2.65660000e-01,\n",
       "           -2.32170000e-01,   1.17037000e-01,  -7.74000000e-04],\n",
       "         [  1.32171800e+00,  -3.11942000e-01,   4.62991000e-01,\n",
       "            1.44054000e-01,   2.60473000e-01,  -1.86420000e-01,\n",
       "           -4.06317000e-01,  -1.80396000e-01,  -6.21920000e-02,\n",
       "           -1.76076000e-01,  -1.02425000e-01,   1.61900000e-03],\n",
       "         [  5.04760000e-02,  -5.89769000e-01,   4.63491000e-01,\n",
       "           -1.32271000e-01,   4.28905000e-01,  -9.22330000e-02,\n",
       "           -2.77633000e-01,  -2.14583000e-01,  -2.88093000e-01,\n",
       "           -2.03471000e-01,   1.36631000e-01,  -2.62880000e-02],\n",
       "         [  1.29791100e+00,  -3.98088000e-01,   5.96941000e-01,\n",
       "            1.22182000e-01,   3.35530000e-01,  -2.30978000e-01,\n",
       "           -4.00463000e-01,  -1.66666000e-01,  -1.08452000e-01,\n",
       "           -1.63514000e-01,  -9.37350000e-02,   1.52840000e-02],\n",
       "         [  1.29152000e-01,  -6.14067000e-01,   5.01983000e-01,\n",
       "           -9.97880000e-02,   4.22105000e-01,  -1.10707000e-01,\n",
       "           -2.75832000e-01,  -1.89534000e-01,  -2.66565000e-01,\n",
       "           -2.05599000e-01,   1.24060000e-01,  -2.91320000e-02],\n",
       "         [  1.48730200e+00,  -5.62759000e-01,   8.21156000e-01,\n",
       "            2.23070000e-02,   3.72292000e-01,  -2.82325000e-01,\n",
       "           -4.76835000e-01,  -1.10096000e-01,  -1.80340000e-01,\n",
       "           -1.85136000e-01,  -1.09658000e-01,   9.71820000e-02],\n",
       "         [  1.28647000e-01,  -5.97418000e-01,   4.87604000e-01,\n",
       "           -5.60890000e-02,   4.32763000e-01,  -1.62219000e-01,\n",
       "           -2.26259000e-01,  -1.99830000e-01,  -2.10866000e-01,\n",
       "           -2.19788000e-01,   9.32310000e-02,  -4.33100000e-03],\n",
       "         [  1.54793800e+00,  -5.79402000e-01,   7.65664000e-01,\n",
       "            4.26800000e-02,   3.55656000e-01,  -2.75494000e-01,\n",
       "           -4.24934000e-01,  -1.26804000e-01,  -2.27243000e-01,\n",
       "           -1.86781000e-01,  -5.91580000e-02,   1.17885000e-01],\n",
       "         [  1.17524000e-01,  -5.86315000e-01,   4.75747000e-01,\n",
       "           -2.82370000e-02,   4.58820000e-01,  -1.61038000e-01,\n",
       "           -2.10208000e-01,  -2.13521000e-01,  -1.71928000e-01,\n",
       "           -2.15018000e-01,   8.01150000e-02,  -3.79900000e-03],\n",
       "         [  1.54653100e+00,  -5.56976000e-01,   7.12057000e-01,\n",
       "            7.27600000e-02,   3.38227000e-01,  -2.71046000e-01,\n",
       "           -3.31239000e-01,  -1.59139000e-01,  -2.48844000e-01,\n",
       "           -1.59776000e-01,  -6.43750000e-02,   1.33143000e-01],\n",
       "         [  1.12678000e-01,  -5.96421000e-01,   4.92626000e-01,\n",
       "           -2.53780000e-02,   4.58625000e-01,  -1.43577000e-01,\n",
       "           -2.13315000e-01,  -2.17325000e-01,  -1.65574000e-01,\n",
       "           -2.06427000e-01,   6.53820000e-02,  -8.84100000e-03],\n",
       "         [  1.50885800e+00,  -7.00941000e-01,   8.39349000e-01,\n",
       "            1.34621000e-01,   2.81151000e-01,  -2.96476000e-01,\n",
       "           -3.24758000e-01,  -1.36773000e-01,  -2.19273000e-01,\n",
       "           -9.59200000e-02,  -1.48070000e-01,   6.94900000e-02]])),\n",
       " (1, array([[ 1.388998, -0.728562,  0.801037,  0.101208,  0.287227, -0.065235,\n",
       "          -0.36335 , -0.138497, -0.127783, -0.235129, -0.06768 ,  0.108629],\n",
       "         [ 1.098016, -0.56132 ,  0.488913, -0.765028, -0.350648, -0.306385,\n",
       "          -0.418422,  0.191432,  0.22065 , -0.139764, -0.041476,  0.112959]])),\n",
       " (2, array([[  1.08431500e+00,  -5.68229000e-01,   4.21902000e-01,\n",
       "           -7.96442000e-01,  -3.05172000e-01,  -2.94163000e-01,\n",
       "           -3.82238000e-01,   1.80587000e-01,   2.00301000e-01,\n",
       "           -1.41446000e-01,  -8.11450000e-02,   1.07214000e-01],\n",
       "         [  1.34602500e+00,  -5.19155000e-01,   6.51902000e-01,\n",
       "           -2.96536000e-01,  -1.12782000e-01,  -9.96190000e-02,\n",
       "           -1.15291000e-01,   3.39611000e-01,  -3.04400000e-03,\n",
       "           -3.63407000e-01,  -2.63340000e-02,   3.88560000e-02],\n",
       "         [  1.06066100e+00,  -5.54870000e-01,   3.31344000e-01,\n",
       "           -8.19398000e-01,  -2.41176000e-01,  -2.71221000e-01,\n",
       "           -3.49138000e-01,   1.63421000e-01,   1.88616000e-01,\n",
       "           -1.51666000e-01,  -1.26109000e-01,   1.06222000e-01],\n",
       "         [  1.38369100e+00,  -5.98065000e-01,   6.47915000e-01,\n",
       "           -2.17294000e-01,  -6.87150000e-02,  -8.39360000e-02,\n",
       "           -1.31485000e-01,   2.36828000e-01,  -8.52730000e-02,\n",
       "           -3.09786000e-01,   5.31050000e-02,   4.11710000e-02],\n",
       "         [  9.39942000e-01,  -5.14223000e-01,   2.34242000e-01,\n",
       "           -8.03569000e-01,  -1.96205000e-01,  -2.48807000e-01,\n",
       "           -3.08481000e-01,   1.41145000e-01,   1.89506000e-01,\n",
       "           -1.86207000e-01,  -1.57167000e-01,   1.14583000e-01],\n",
       "         [  1.40595800e+00,  -5.55516000e-01,   7.52111000e-01,\n",
       "           -2.16131000e-01,   6.53640000e-02,  -9.87900000e-02,\n",
       "           -2.30630000e-01,   1.31239000e-01,  -1.60727000e-01,\n",
       "           -2.30074000e-01,   7.06630000e-02,   4.71380000e-02],\n",
       "         [  8.65245000e-01,  -5.33550000e-01,   1.58986000e-01,\n",
       "           -7.73981000e-01,  -1.40643000e-01,  -2.36962000e-01,\n",
       "           -2.63286000e-01,   1.06980000e-01,   1.62661000e-01,\n",
       "           -2.28655000e-01,  -1.70134000e-01,   1.38805000e-01],\n",
       "         [  1.41260300e+00,  -6.71019000e-01,   5.89594000e-01,\n",
       "           -2.30615000e-01,   6.30270000e-02,   1.89820000e-02,\n",
       "           -1.44944000e-01,   1.33128000e-01,  -1.78021000e-01,\n",
       "           -3.08340000e-01,  -5.27590000e-02,   7.61400000e-02],\n",
       "         [  7.70718000e-01,  -5.47325000e-01,   1.18310000e-01,\n",
       "           -7.29462000e-01,  -7.65270000e-02,  -2.09466000e-01,\n",
       "           -2.30178000e-01,   6.09850000e-02,   1.06279000e-01,\n",
       "           -2.79608000e-01,  -1.61068000e-01,   1.89298000e-01],\n",
       "         [  1.44606400e+00,  -9.36608000e-01,   4.90718000e-01,\n",
       "           -3.38223000e-01,   4.69520000e-02,   1.49930000e-01,\n",
       "           -1.12616000e-01,   1.21433000e-01,  -1.39627000e-01,\n",
       "           -3.57133000e-01,  -8.57950000e-02,   8.94430000e-02],\n",
       "         [  6.74509000e-01,  -5.62960000e-01,   1.15798000e-01,\n",
       "           -6.62134000e-01,  -2.42890000e-02,  -1.58758000e-01,\n",
       "           -2.41680000e-01,   2.95660000e-02,   3.37960000e-02,\n",
       "           -3.36533000e-01,  -1.21634000e-01,   2.37794000e-01],\n",
       "         [  1.40023100e+00,  -6.83940000e-01,   4.89114000e-01,\n",
       "           -3.21042000e-01,   1.27285000e-01,   9.75170000e-02,\n",
       "           -1.30539000e-01,   9.19880000e-02,  -1.98951000e-01,\n",
       "           -3.87992000e-01,  -1.20141000e-01,   1.06324000e-01],\n",
       "         [  6.25519000e-01,  -5.90979000e-01,   1.31506000e-01,\n",
       "           -5.69612000e-01,   8.91000000e-03,  -1.04117000e-01,\n",
       "           -2.63066000e-01,  -4.88100000e-03,  -3.47120000e-02,\n",
       "           -3.75766000e-01,  -6.18430000e-02,   2.83403000e-01],\n",
       "         [  1.37604700e+00,  -5.95044000e-01,   4.04420000e-01,\n",
       "           -8.15910000e-02,   1.62077000e-01,   1.35335000e-01,\n",
       "           -1.61962000e-01,  -4.45280000e-02,  -2.04831000e-01,\n",
       "           -3.84834000e-01,  -7.14620000e-02,   1.71193000e-01],\n",
       "         [  6.19020000e-01,  -6.43786000e-01,   1.88039000e-01,\n",
       "           -4.61169000e-01,   4.53680000e-02,  -7.07230000e-02,\n",
       "           -2.81131000e-01,  -5.62230000e-02,  -9.58400000e-02,\n",
       "           -3.89392000e-01,  -1.36650000e-02,   3.33458000e-01],\n",
       "         [  1.38750100e+00,  -6.62854000e-01,   4.76828000e-01,\n",
       "            6.39310000e-02,   1.62819000e-01,   1.87999000e-01,\n",
       "           -2.19977000e-01,  -5.79970000e-02,  -2.38385000e-01,\n",
       "           -4.24237000e-01,  -4.84600000e-03,   1.92549000e-01],\n",
       "         [  6.16936000e-01,  -7.07877000e-01,   2.55817000e-01,\n",
       "           -3.92676000e-01,   7.76940000e-02,  -4.93210000e-02,\n",
       "           -2.98729000e-01,  -9.45360000e-02,  -1.57872000e-01,\n",
       "           -3.97497000e-01,   1.99850000e-02,   3.46088000e-01],\n",
       "         [  1.36179400e+00,  -7.02082000e-01,   6.74177000e-01,\n",
       "            1.42675000e-01,   2.10557000e-01,   6.99940000e-02,\n",
       "           -2.25654000e-01,  -6.68100000e-02,  -2.85646000e-01,\n",
       "           -3.07568000e-01,   8.00810000e-02,   8.68130000e-02],\n",
       "         [  5.48505000e-01,  -6.99308000e-01,   2.27423000e-01,\n",
       "           -3.13578000e-01,   1.09219000e-01,  -4.66830000e-02,\n",
       "           -3.01827000e-01,  -1.49678000e-01,  -1.78345000e-01,\n",
       "           -3.99674000e-01,   5.06850000e-02,   3.20961000e-01],\n",
       "         [  1.05415300e+00,  -5.69813000e-01,   9.45773000e-01,\n",
       "            1.86283000e-01,   3.24873000e-01,  -1.26414000e-01,\n",
       "           -2.68446000e-01,  -1.63070000e-02,  -2.74511000e-01,\n",
       "           -1.55997000e-01,   6.69830000e-02,  -7.57480000e-02],\n",
       "         [  4.56483000e-01,  -6.75197000e-01,   2.43317000e-01,\n",
       "           -2.22000000e-01,   1.49004000e-01,  -2.80040000e-02,\n",
       "           -3.02530000e-01,  -2.31234000e-01,  -1.81930000e-01,\n",
       "           -3.52998000e-01,   6.23310000e-02,   2.58856000e-01],\n",
       "         [  8.94543000e-01,  -5.29290000e-01,   1.04276200e+00,\n",
       "            1.47954000e-01,   3.52601000e-01,  -3.02900000e-02,\n",
       "           -2.06615000e-01,  -4.21170000e-02,  -3.08631000e-01,\n",
       "           -1.26849000e-01,   9.93670000e-02,  -1.29332000e-01],\n",
       "         [  4.17306000e-01,  -6.80864000e-01,   3.63897000e-01,\n",
       "           -1.56320000e-01,   1.84004000e-01,  -2.02310000e-02,\n",
       "           -2.73259000e-01,  -2.92869000e-01,  -2.10399000e-01,\n",
       "           -2.72407000e-01,   7.58980000e-02,   1.51537000e-01],\n",
       "         [  8.39384000e-01,  -5.13709000e-01,   1.12263800e+00,\n",
       "            2.22671000e-01,   3.57270000e-01,  -3.88840000e-02,\n",
       "           -2.02166000e-01,   2.14000000e-02,  -2.83823000e-01,\n",
       "           -1.67173000e-01,   8.96420000e-02,  -1.73624000e-01],\n",
       "         [  3.70387000e-01,  -6.91871000e-01,   4.57843000e-01,\n",
       "           -1.03264000e-01,   2.18289000e-01,  -8.10200000e-03,\n",
       "           -2.88598000e-01,  -3.15481000e-01,  -2.24142000e-01,\n",
       "           -2.49906000e-01,   7.55740000e-02,   9.27520000e-02],\n",
       "         [  7.55131000e-01,  -5.80494000e-01,   1.18530200e+00,\n",
       "            2.67167000e-01,   4.24501000e-01,   1.43580000e-02,\n",
       "           -2.33749000e-01,   3.37370000e-02,  -2.67625000e-01,\n",
       "           -1.35804000e-01,   9.24720000e-02,  -2.43628000e-01],\n",
       "         [  2.90172000e-01,  -6.68494000e-01,   4.91649000e-01,\n",
       "           -5.96940000e-02,   2.29033000e-01,  -1.15630000e-02,\n",
       "           -2.84898000e-01,  -3.59392000e-01,  -2.08442000e-01,\n",
       "           -2.33504000e-01,   5.99430000e-02,   7.61060000e-02],\n",
       "         [  7.22792000e-01,  -5.07053000e-01,   1.19935800e+00,\n",
       "            2.49450000e-01,   4.63566000e-01,   9.36220000e-02,\n",
       "           -1.52855000e-01,  -6.94790000e-02,  -2.88076000e-01,\n",
       "           -2.37730000e-02,   7.06510000e-02,  -2.58437000e-01],\n",
       "         [  2.55433000e-01,  -6.51513000e-01,   5.15377000e-01,\n",
       "           -1.56940000e-02,   1.89901000e-01,  -1.64230000e-02,\n",
       "           -2.52640000e-01,  -4.09887000e-01,  -1.78588000e-01,\n",
       "           -2.11625000e-01,   4.40280000e-02,   5.20300000e-02],\n",
       "         [  6.30548000e-01,  -4.23411000e-01,   1.17045500e+00,\n",
       "            2.88878000e-01,   3.93472000e-01,   1.66311000e-01,\n",
       "           -5.54630000e-02,  -1.83218000e-01,  -2.83370000e-01,\n",
       "            8.25380000e-02,   2.00990000e-02,  -2.94943000e-01],\n",
       "         [  2.42863000e-01,  -6.50235000e-01,   5.63037000e-01,\n",
       "            1.13400000e-03,   1.66667000e-01,  -1.42050000e-02,\n",
       "           -2.35053000e-01,  -4.40284000e-01,  -1.54203000e-01,\n",
       "           -1.72700000e-01,   2.36550000e-02,   1.53460000e-02],\n",
       "         [  5.60397000e-01,  -3.76657000e-01,   1.12226700e+00,\n",
       "            4.19521000e-01,   3.14551000e-01,   1.41812000e-01,\n",
       "           -1.47920000e-02,  -1.89027000e-01,  -2.16243000e-01,\n",
       "            8.34880000e-02,  -3.56980000e-02,  -2.78659000e-01],\n",
       "         [  2.38696000e-01,  -6.38014000e-01,   6.13870000e-01,\n",
       "            5.54400000e-03,   1.48965000e-01,   9.37800000e-03,\n",
       "           -2.17519000e-01,  -4.57875000e-01,  -1.41273000e-01,\n",
       "           -1.25963000e-01,   2.04100000e-02,  -2.81070000e-02],\n",
       "         [  5.69919000e-01,  -4.26436000e-01,   1.32899300e+00,\n",
       "            3.22980000e-01,   4.12969000e-01,   1.33677000e-01,\n",
       "           -1.13957000e-01,  -8.33130000e-02,  -1.61285000e-01,\n",
       "            8.50440000e-02,  -5.30230000e-02,  -3.23840000e-01],\n",
       "         [  2.03560000e-01,  -6.42547000e-01,   6.93443000e-01,\n",
       "            2.12770000e-02,   1.42857000e-01,   4.62690000e-02,\n",
       "           -2.12076000e-01,  -4.40777000e-01,  -1.30556000e-01,\n",
       "           -9.23220000e-02,   1.03240000e-02,  -6.06550000e-02]]))]"
      ]
     },
     "execution_count": 106,
     "metadata": {},
     "output_type": "execute_result"
    }
   ],
   "source": [
    "clean_data(sc, 'train.txt').take(3)"
   ]
  },
  {
   "cell_type": "markdown",
   "metadata": {},
   "source": [
    "## Train data"
   ]
  },
  {
   "cell_type": "code",
   "execution_count": 44,
   "metadata": {
    "collapsed": false
   },
   "outputs": [],
   "source": [
    "# Loading from text file but we're assuming it actually exists on hadoop\n",
    "train_data = sc.textFile('{0}/{1}/train.txt'.format(HOME, DATA_DIR)).cache()"
   ]
  },
  {
   "cell_type": "code",
   "execution_count": 6,
   "metadata": {
    "collapsed": false
   },
   "outputs": [
    {
     "data": {
      "text/plain": [
       "[u'1.635533 0.024848 0.432087 -0.361914 -0.074776 -0.693481 -0.229621 0.261503 -0.089421 -0.020431 -0.008612 0.139754 ',\n",
       " u'1.547694 0.008754 0.319101 -0.297440 -0.007617 -0.636042 -0.296480 0.262700 -0.118514 -0.085128 0.030408 0.118123 ']"
      ]
     },
     "execution_count": 6,
     "metadata": {},
     "output_type": "execute_result"
    }
   ],
   "source": [
    "train_data.take(2)"
   ]
  },
  {
   "cell_type": "code",
   "execution_count": 108,
   "metadata": {
    "collapsed": false
   },
   "outputs": [],
   "source": [
    "import os\n",
    "os.environ[\"TRUMOTION_TEST\"] = \"1\"\n"
   ]
  },
  {
   "cell_type": "code",
   "execution_count": 7,
   "metadata": {
    "collapsed": false
   },
   "outputs": [],
   "source": [
    "# Give each line a unique id, without having to traverse the entire dataset.\n",
    "# I'm assuming we have massive data in this demented format already and I need to be able to clean it up efficiently.\n",
    "zipped = train_data.zipWithUniqueId()"
   ]
  },
  {
   "cell_type": "code",
   "execution_count": 8,
   "metadata": {
    "collapsed": true
   },
   "outputs": [],
   "source": [
    "# Collect the indices of the breaks.  This is massively smaller than the full dataset and we can \n",
    "# use it as a broadcast variable."
   ]
  },
  {
   "cell_type": "code",
   "execution_count": 9,
   "metadata": {
    "collapsed": false
   },
   "outputs": [],
   "source": [
    "breaks = zipped.filter(lambda x: x[0] == '').collect()\n",
    "breaks_list = sorted([v for (k, v) in breaks])\n",
    "breaks_list_broadcast = sc.broadcast(np.array(breaks_list))"
   ]
  },
  {
   "cell_type": "code",
   "execution_count": 10,
   "metadata": {
    "collapsed": false
   },
   "outputs": [],
   "source": [
    "def f(x):\n",
    "    '''\n",
    "    Find the smallest value greater than x[1] in breaks_list_broadcast.values()\n",
    "    Output is: block_id, (row_id, row)\n",
    "    '''\n",
    "    \n",
    "    # Index of the first double line break after the given line\n",
    "    i = np.argmax(breaks_list_broadcast.value > x[1])\n",
    "    br = breaks_list_broadcast.value[i]\n",
    "    \n",
    "    return br, (x[1], x[0])"
   ]
  },
  {
   "cell_type": "code",
   "execution_count": 11,
   "metadata": {
    "collapsed": false
   },
   "outputs": [],
   "source": [
    "# Now we remove the whitespace lines and merge the values into a single list\n",
    "\n",
    "combined = zipped.filter(lambda x: len(x[0]) > 0).map(f).combineByKey(lambda value: [value],\n",
    "                           lambda x, value: x + [value],\n",
    "                           lambda x, y: x + y\n",
    "                          )\n",
    "\n"
   ]
  },
  {
   "cell_type": "code",
   "execution_count": 12,
   "metadata": {
    "collapsed": false
   },
   "outputs": [],
   "source": [
    "# The data format is now\n",
    "# key - index of the double line break indicating the end of the block\n",
    "# value - (index of the line, line)\n",
    "\n",
    "# We want this to eventually be: \n",
    "# key - index of the *block*\n",
    "# value - numpy array representing the block\n",
    "\n",
    "tst_value = combined.take(1)"
   ]
  },
  {
   "cell_type": "code",
   "execution_count": 66,
   "metadata": {
    "collapsed": false
   },
   "outputs": [],
   "source": [
    "def mapper(x):\n",
    "    # Construct the numpy array of data\n",
    "    key = x[0]\n",
    "    # This sorts the list by line id, ensuring that the data are in order\n",
    "    value = sorted(x[1])\n",
    "    \n",
    "    cols = len(value[0][1].strip().split(' '))\n",
    "    rows = len(value)\n",
    "    \n",
    "    arr = np.empty((rows, cols))\n",
    "    \n",
    "    for i in range(len(value)):\n",
    "        arr[i] = np.array(map(float, value[i][1].strip().split(' ')))\n",
    "        \n",
    "    # find the index of the block by looking it up in the broadcast array\n",
    "    block_index = np.where(breaks_list_broadcast.value == key)[0][0]\n",
    "    return block_index, arr"
   ]
  },
  {
   "cell_type": "code",
   "execution_count": 95,
   "metadata": {
    "collapsed": false
   },
   "outputs": [],
   "source": [
    "# Train data \n",
    "cleanTrainData = combined.map(mapper).sortByKey()"
   ]
  },
  {
   "cell_type": "code",
   "execution_count": 97,
   "metadata": {
    "collapsed": false
   },
   "outputs": [
    {
     "data": {
      "text/plain": [
       "[(0, array([[  1.63553300e+00,   6.01596000e-01,   1.54769400e+00,\n",
       "            4.90573000e-01,   1.60259300e+00,   4.61532000e-01,\n",
       "            1.67266500e+00,   4.67321000e-01,   1.74849700e+00,\n",
       "            4.40218000e-01,   1.87026400e+00,   3.22108000e-01,\n",
       "            1.68218700e+00,   2.81544000e-01,   1.74593700e+00,\n",
       "            2.88430000e-01,   1.45357200e+00,   2.19517000e-01,\n",
       "            1.41636700e+00,   1.48845000e-01,   1.46625100e+00,\n",
       "            9.04780000e-02,   1.51558900e+00,   4.44170000e-02,\n",
       "            1.32171800e+00,   5.04760000e-02,   1.29791100e+00,\n",
       "            1.29152000e-01,   1.48730200e+00,   1.28647000e-01,\n",
       "            1.54793800e+00,   1.17524000e-01,   1.54653100e+00,\n",
       "            1.12678000e-01,   1.50885800e+00],\n",
       "         [  2.48480000e-02,  -1.41051000e-01,   8.75400000e-03,\n",
       "           -1.47165000e-01,  -2.10520000e-01,  -2.13263000e-01,\n",
       "           -3.43458000e-01,  -2.84738000e-01,  -4.04425000e-01,\n",
       "           -3.40476000e-01,  -5.47399000e-01,  -3.82744000e-01,\n",
       "           -4.01484000e-01,  -4.58384000e-01,  -4.17672000e-01,\n",
       "           -5.42075000e-01,  -2.86032000e-01,  -5.51716000e-01,\n",
       "           -4.10469000e-01,  -5.53851000e-01,  -3.85350000e-01,\n",
       "           -5.75058000e-01,  -3.70543000e-01,  -5.92621000e-01,\n",
       "           -3.11942000e-01,  -5.89769000e-01,  -3.98088000e-01,\n",
       "           -6.14067000e-01,  -5.62759000e-01,  -5.97418000e-01,\n",
       "           -5.79402000e-01,  -5.86315000e-01,  -5.56976000e-01,\n",
       "           -5.96421000e-01,  -7.00941000e-01],\n",
       "         [  4.32087000e-01,   1.47954000e-01,   3.19101000e-01,\n",
       "            1.04378000e-01,   2.80175000e-01,   1.31487000e-01,\n",
       "            2.63109000e-01,   1.11211000e-01,   2.38913000e-01,\n",
       "            1.07625000e-01,   2.48318000e-01,   1.64589000e-01,\n",
       "            9.31140000e-02,   2.27264000e-01,   1.79397000e-01,\n",
       "            3.03248000e-01,   1.86518000e-01,   3.15416000e-01,\n",
       "            3.52763000e-01,   3.39984000e-01,   2.94102000e-01,\n",
       "            3.64826000e-01,   3.57567000e-01,   3.98811000e-01,\n",
       "            4.62991000e-01,   4.63491000e-01,   5.96941000e-01,\n",
       "            5.01983000e-01,   8.21156000e-01,   4.87604000e-01,\n",
       "            7.65664000e-01,   4.75747000e-01,   7.12057000e-01,\n",
       "            4.92626000e-01,   8.39349000e-01],\n",
       "         [ -3.61914000e-01,  -6.88680000e-01,  -2.97440000e-01,\n",
       "           -6.18192000e-01,  -2.33207000e-01,  -5.59046000e-01,\n",
       "           -1.67267000e-01,  -4.82268000e-01,  -1.52473000e-01,\n",
       "           -4.07154000e-01,  -1.70991000e-01,  -3.62964000e-01,\n",
       "           -1.19936000e-01,  -3.46070000e-01,  -2.82905000e-01,\n",
       "           -2.93572000e-01,  -2.37188000e-01,  -2.38154000e-01,\n",
       "           -2.11245000e-01,  -1.95185000e-01,  -1.09096000e-01,\n",
       "           -1.68059000e-01,  -5.05780000e-02,  -1.39306000e-01,\n",
       "            1.44054000e-01,  -1.32271000e-01,   1.22182000e-01,\n",
       "           -9.97880000e-02,   2.23070000e-02,  -5.60890000e-02,\n",
       "            4.26800000e-02,  -2.82370000e-02,   7.27600000e-02,\n",
       "           -2.53780000e-02,   1.34621000e-01],\n",
       "         [ -7.47760000e-02,   1.00712000e-01,  -7.61700000e-03,\n",
       "            1.87163000e-01,  -2.45760000e-02,   2.55531000e-01,\n",
       "            4.33570000e-02,   2.77111000e-01,   1.35756000e-01,\n",
       "            3.62298000e-01,   1.21421000e-01,   4.20691000e-01,\n",
       "            1.02706000e-01,   3.72064000e-01,   2.35438000e-01,\n",
       "            3.47800000e-01,   3.22850000e-01,   3.68643000e-01,\n",
       "            3.54378000e-01,   4.01372000e-01,   4.18092000e-01,\n",
       "            4.21888000e-01,   3.79828000e-01,   4.20966000e-01,\n",
       "            2.60473000e-01,   4.28905000e-01,   3.35530000e-01,\n",
       "            4.22105000e-01,   3.72292000e-01,   4.32763000e-01,\n",
       "            3.55656000e-01,   4.58820000e-01,   3.38227000e-01,\n",
       "            4.58625000e-01,   2.81151000e-01],\n",
       "         [ -6.93481000e-01,  -4.30234000e-01,  -6.36042000e-01,\n",
       "           -4.24637000e-01,  -5.92074000e-01,  -3.30286000e-01,\n",
       "           -5.64522000e-01,  -2.80572000e-01,  -5.13615000e-01,\n",
       "           -2.33742000e-01,  -4.18381000e-01,  -1.23248000e-01,\n",
       "           -3.58395000e-01,  -5.12100000e-03,  -3.50983000e-01,\n",
       "           -1.46350000e-02,  -2.45160000e-01,  -7.47300000e-02,\n",
       "           -1.65260000e-01,  -1.01911000e-01,  -2.20405000e-01,\n",
       "           -9.75060000e-02,  -2.07061000e-01,  -8.94390000e-02,\n",
       "           -1.86420000e-01,  -9.22330000e-02,  -2.30978000e-01,\n",
       "           -1.10707000e-01,  -2.82325000e-01,  -1.62219000e-01,\n",
       "           -2.75494000e-01,  -1.61038000e-01,  -2.71046000e-01,\n",
       "           -1.43577000e-01,  -2.96476000e-01],\n",
       "         [ -2.29621000e-01,  -2.39402000e-01,  -2.96480000e-01,\n",
       "           -2.17779000e-01,  -2.39185000e-01,  -2.30196000e-01,\n",
       "           -2.86775000e-01,  -2.02370000e-01,  -3.39162000e-01,\n",
       "           -2.03896000e-01,  -2.76134000e-01,  -2.37468000e-01,\n",
       "           -2.04987000e-01,  -2.41878000e-01,  -1.95268000e-01,\n",
       "           -2.31922000e-01,  -2.76801000e-01,  -2.21325000e-01,\n",
       "           -3.28168000e-01,  -2.55355000e-01,  -3.28038000e-01,\n",
       "           -2.73278000e-01,  -3.33240000e-01,  -2.76983000e-01,\n",
       "           -4.06317000e-01,  -2.77633000e-01,  -4.00463000e-01,\n",
       "           -2.75832000e-01,  -4.76835000e-01,  -2.26259000e-01,\n",
       "           -4.24934000e-01,  -2.10208000e-01,  -3.31239000e-01,\n",
       "           -2.13315000e-01,  -3.24758000e-01],\n",
       "         [  2.61503000e-01,   2.57168000e-01,   2.62700000e-01,\n",
       "            1.88133000e-01,   2.53176000e-01,   1.33753000e-01,\n",
       "            2.30736000e-01,   6.77480000e-02,   2.21830000e-01,\n",
       "           -3.04840000e-02,   1.77995000e-01,  -1.11323000e-01,\n",
       "            1.72810000e-01,  -1.62889000e-01,   1.54338000e-01,\n",
       "           -1.75848000e-01,   6.99110000e-02,  -1.97432000e-01,\n",
       "           -4.41240000e-02,  -2.27530000e-01,  -9.26590000e-02,\n",
       "           -2.52908000e-01,  -1.03308000e-01,  -2.41920000e-01,\n",
       "           -1.80396000e-01,  -2.14583000e-01,  -1.66666000e-01,\n",
       "           -1.89534000e-01,  -1.10096000e-01,  -1.99830000e-01,\n",
       "           -1.26804000e-01,  -2.13521000e-01,  -1.59139000e-01,\n",
       "           -2.17325000e-01,  -1.36773000e-01],\n",
       "         [ -8.94210000e-02,  -5.51070000e-02,  -1.18514000e-01,\n",
       "           -7.79710000e-02,  -1.04336000e-01,  -1.62181000e-01,\n",
       "           -1.22032000e-01,  -2.00905000e-01,  -1.43803000e-01,\n",
       "           -2.26421000e-01,  -1.31599000e-01,  -2.88192000e-01,\n",
       "           -1.08218000e-01,  -3.53773000e-01,  -1.93545000e-01,\n",
       "           -3.75826000e-01,  -2.06899000e-01,  -3.53938000e-01,\n",
       "           -1.82794000e-01,  -3.03883000e-01,  -1.84805000e-01,\n",
       "           -2.66059000e-01,  -1.70728000e-01,  -2.65660000e-01,\n",
       "           -6.21920000e-02,  -2.88093000e-01,  -1.08452000e-01,\n",
       "           -2.66565000e-01,  -1.80340000e-01,  -2.10866000e-01,\n",
       "           -2.27243000e-01,  -1.71928000e-01,  -2.48844000e-01,\n",
       "           -1.65574000e-01,  -2.19273000e-01],\n",
       "         [ -2.04310000e-02,  -3.32708000e-01,  -8.51280000e-02,\n",
       "           -3.76427000e-01,  -9.36790000e-02,  -4.28018000e-01,\n",
       "           -9.95520000e-02,  -4.55203000e-01,  -9.98150000e-02,\n",
       "           -4.34987000e-01,  -1.32569000e-01,  -3.88036000e-01,\n",
       "           -2.04713000e-01,  -3.62900000e-01,  -1.93992000e-01,\n",
       "           -3.57088000e-01,  -1.95329000e-01,  -3.34596000e-01,\n",
       "           -1.92191000e-01,  -2.89858000e-01,  -1.42367000e-01,\n",
       "           -2.53231000e-01,  -1.40336000e-01,  -2.32170000e-01,\n",
       "           -1.76076000e-01,  -2.03471000e-01,  -1.63514000e-01,\n",
       "           -2.05599000e-01,  -1.85136000e-01,  -2.19788000e-01,\n",
       "           -1.86781000e-01,  -2.15018000e-01,  -1.59776000e-01,\n",
       "           -2.06427000e-01,  -9.59200000e-02],\n",
       "         [ -8.61200000e-03,  -9.31730000e-02,   3.04080000e-02,\n",
       "           -1.02599000e-01,  -4.92100000e-03,  -7.89120000e-02,\n",
       "            1.25700000e-03,  -3.57460000e-02,   2.32700000e-03,\n",
       "            4.15000000e-03,  -6.60620000e-02,   5.16710000e-02,\n",
       "           -1.48013000e-01,   9.96400000e-02,  -2.02009000e-01,\n",
       "            1.19542000e-01,  -1.26377000e-01,   1.09913000e-01,\n",
       "           -1.03902000e-01,   1.00895000e-01,  -1.34880000e-01,\n",
       "            9.68370000e-02,  -1.41500000e-01,   1.17037000e-01,\n",
       "           -1.02425000e-01,   1.36631000e-01,  -9.37350000e-02,\n",
       "            1.24060000e-01,  -1.09658000e-01,   9.32310000e-02,\n",
       "           -5.91580000e-02,   8.01150000e-02,  -6.43750000e-02,\n",
       "            6.53820000e-02,  -1.48070000e-01],\n",
       "         [  1.39754000e-01,   4.83610000e-02,   1.18123000e-01,\n",
       "            8.09760000e-02,   1.30402000e-01,   1.39201000e-01,\n",
       "            1.13616000e-01,   1.59374000e-01,   6.58120000e-02,\n",
       "            1.68144000e-01,   5.81350000e-02,   1.23731000e-01,\n",
       "            6.07950000e-02,   6.74190000e-02,   7.27340000e-02,\n",
       "            7.46040000e-02,   4.81300000e-02,   7.03370000e-02,\n",
       "            1.03290000e-01,   3.89340000e-02,   7.74580000e-02,\n",
       "            1.73660000e-02,   2.97810000e-02,  -7.74000000e-04,\n",
       "            1.61900000e-03,  -2.62880000e-02,   1.52840000e-02,\n",
       "           -2.91320000e-02,   9.71820000e-02,  -4.33100000e-03,\n",
       "            1.17885000e-01,  -3.79900000e-03,   1.33143000e-01,\n",
       "           -8.84100000e-03,   6.94900000e-02]])),\n",
       " (1, array([[ 1.388998,  1.098016],\n",
       "         [-0.728562, -0.56132 ],\n",
       "         [ 0.801037,  0.488913],\n",
       "         [ 0.101208, -0.765028],\n",
       "         [ 0.287227, -0.350648],\n",
       "         [-0.065235, -0.306385],\n",
       "         [-0.36335 , -0.418422],\n",
       "         [-0.138497,  0.191432],\n",
       "         [-0.127783,  0.22065 ],\n",
       "         [-0.235129, -0.139764],\n",
       "         [-0.06768 , -0.041476],\n",
       "         [ 0.108629,  0.112959]])),\n",
       " (2, array([[  1.08431500e+00,   1.34602500e+00,   1.06066100e+00,\n",
       "            1.38369100e+00,   9.39942000e-01,   1.40595800e+00,\n",
       "            8.65245000e-01,   1.41260300e+00,   7.70718000e-01,\n",
       "            1.44606400e+00,   6.74509000e-01,   1.40023100e+00,\n",
       "            6.25519000e-01,   1.37604700e+00,   6.19020000e-01,\n",
       "            1.38750100e+00,   6.16936000e-01,   1.36179400e+00,\n",
       "            5.48505000e-01,   1.05415300e+00,   4.56483000e-01,\n",
       "            8.94543000e-01,   4.17306000e-01,   8.39384000e-01,\n",
